1753370408671 0.4 10
1753370411046 0.8 20
1753370412995 1.0 25
1753370417136 1.2 30
1753370419552 1.6 40
1753370421956 2.0 50
1753370422406 2.0 50
1753370427836 2.4 60
1753370430283 2.8 70
1753370431871 3.0 75
1753370436170 3.2 80
1753370438606 3.6 90
1753370441010 4.0 100
1753370441447 4.0 100
1753370447026 4.4 110
1753370449470 4.8 120
1753370451064 5.0 125
1753370455454 5.2 130
1753370457892 5.6 140
1753370460318 6.0 150
1753370460764 6.0 150
1753370466425 6.4 160
1753370468951 6.8 170
1753370470603 7.0 175
1753370474961 7.2 180
1753370477489 7.6 190
1753370479972 8.0 200
1753370480427 8.0 200
1753370486050 8.4 210
1753370488604 8.8 220
1753370490265 9.0 225
1753370494705 9.2 230
1753370497272 9.6 240
1753370499835 10.0 250
1753370500281 10.0 250
1753370503370 10.0 250
