1753370408671 172205.5625 10
1753370411046 133838.390625 20
1753370417136 132472.46875 30
1753370419552 134589.328125 40
1753370421956 144332.59375 50
1753370427836 127916.5546875 60
1753370430283 132552.890625 70
1753370436170 128062.7265625 80
1753370438606 124482.6015625 90
1753370441010 161588.90625 100
1753370447026 163347.140625 110
1753370449470 138975.578125 120
1753370455454 155100.6875 130
1753370457892 147787.203125 140
1753370460318 170900.75 150
1753370466425 146354.0 160
1753370468951 140178.625 170
1753370474961 148223.953125 180
1753370477489 150698.578125 190
1753370479972 179414.359375 200
1753370486050 146287.53125 210
1753370488604 140775.625 220
1753370494705 149100.6875 230
1753370497272 143187.28125 240
1753370499835 168440.640625 250
