1753370408671 1.9280000000000002e-05 10
1753370411046 1.8480000000000003e-05 20
1753370417136 1.768e-05 30
1753370419552 1.688e-05 40
1753370421956 1.6080000000000002e-05 50
1753370427836 1.5280000000000003e-05 60
1753370430283 1.448e-05 70
1753370436170 1.3680000000000003e-05 80
1753370438606 1.2880000000000002e-05 90
1753370441010 1.2080000000000001e-05 100
1753370447026 1.128e-05 110
1753370449470 1.0480000000000001e-05 120
1753370455454 9.68e-06 130
1753370457892 8.880000000000001e-06 140
1753370460318 8.08e-06 150
1753370466425 7.280000000000001e-06 160
1753370468951 6.480000000000001e-06 170
1753370474961 5.68e-06 180
1753370477489 4.880000000000001e-06 190
1753370479972 4.08e-06 200
1753370486050 3.2800000000000004e-06 210
1753370488604 2.4800000000000004e-06 220
1753370494705 1.6800000000000002e-06 230
1753370497272 8.8e-07 240
1753370499835 8e-08 250
