1753370408671 3.6464 10
1753370411046 3.3434 20
1753370417136 3.3469 30
1753370419552 3.1657 40
1753370421956 3.3093 50
1753370427836 3.1493 60
1753370430283 3.1923 70
1753370436170 3.1272 80
1753370438606 3.0953 90
1753370441010 3.0672 100
1753370447026 3.097 110
1753370449470 3.0041 120
1753370455454 2.9816 130
1753370457892 2.9364 140
1753370460318 2.9271 150
1753370466425 2.9993 160
1753370468951 2.7861 170
1753370474961 2.9409 180
1753370477489 2.8826 190
1753370479972 2.8878 200
1753370486050 2.9497 210
1753370488604 2.8799 220
1753370494705 2.8689 230
1753370497272 2.9123 240
1753370499835 2.8186 250
